0 0
-4.4725205780e-01 1.0000000000e+02
-8.9855396535e-01 2.0000000000e+02
-1.3539673459e+00 3.0000000000e+02
-1.8135550642e+00 4.0000000000e+02
-2.2773812589e+00 5.0000000000e+02
-2.7455113759e+00 6.0000000000e+02
-3.2180122037e+00 7.0000000000e+02
-3.6949519087e+00 8.0000000000e+02
-4.1764002672e+00 9.0000000000e+02
-4.6624279951e+00 1.0000000000e+03
-5.1531077617e+00 1.1000000000e+03
-5.6485136324e+00 1.2000000000e+03
-6.1487212501e+00 1.3000000000e+03
-6.6538078792e+00 1.4000000000e+03
-7.1638524516e+00 1.5000000000e+03
-7.6789356141e+00 1.6000000000e+03
-8.1991397776e+00 1.7000000000e+03
-8.7245491682e+00 1.8000000000e+03
-9.2552498802e+00 1.9000000000e+03
-9.7913299312e+00 2.0000000000e+03
-1.0332879319e+01 2.1000000000e+03
-1.0879990081e+01 2.2000000000e+03
-1.1432756357e+01 2.3000000000e+03
-1.1991274450e+01 2.4000000000e+03
-1.2555642897e+01 2.5000000000e+03
-1.3125962535e+01 2.6000000000e+03
-1.3702336575e+01 2.7000000000e+03
-1.4284870860e+01 2.8000000000e+03
-1.4873673241e+01 2.9000000000e+03
-1.5468854669e+01 3.0000000000e+03
-1.6070528632e+01 3.1000000000e+03
-1.6678811400e+01 3.2000000000e+03
-1.7293822119e+01 3.3000000000e+03
-1.7915682903e+01 3.4000000000e+03
-1.8544518938e+01 3.5000000000e+03
-1.9180458589e+01 3.6000000000e+03
-1.9823633505e+01 3.7000000000e+03
-2.0474178737e+01 3.8000000000e+03
-2.1132232860e+01 3.9000000000e+03
-2.1797938094e+01 4.0000000000e+03
-2.2471440441e+01 4.1000000000e+03
-2.3152889819e+01 4.2000000000e+03
-2.3842440210e+01 4.3000000000e+03
-2.4540249812e+01 4.4000000000e+03
-2.5246481195e+01 4.5000000000e+03
-2.5961301472e+01 4.6000000000e+03
-2.6684882472e+01 4.7000000000e+03
-2.7417400931e+01 4.8000000000e+03
-2.8159038678e+01 4.9000000000e+03
-2.8909982846e+01 5.0000000000e+03
-2.9670426088e+01 5.1000000000e+03
-3.0440566800e+01 5.2000000000e+03
-3.1220609367e+01 5.3000000000e+03
-3.2010764410e+01 5.4000000000e+03
-3.2811249060e+01 5.5000000000e+03
-3.3622287449e+01 5.6000000000e+03
-3.4444110179e+01 5.7000000000e+03
-3.5276955859e+01 5.8000000000e+03
-3.6121070644e+01 5.9000000000e+03
-3.6976708787e+01 6.0000000000e+03
-3.7844133016e+01 6.1000000000e+03
-3.8723614933e+01 6.2000000000e+03
-3.9615435447e+01 6.3000000000e+03
-4.0519885218e+01 6.4000000000e+03
-4.1437265148e+01 6.5000000000e+03
-4.2367886892e+01 6.6000000000e+03
-4.3312073410e+01 6.7000000000e+03
-4.4270159552e+01 6.8000000000e+03
-4.5242492684e+01 6.9000000000e+03
-4.6229433366e+01 7.0000000000e+03
-4.7231356062e+01 7.1000000000e+03
-4.8248649921e+01 7.2000000000e+03
-4.9281719601e+01 7.3000000000e+03
-5.0330986162e+01 7.4000000000e+03
-5.1396888022e+01 7.5000000000e+03
-5.2479881999e+01 7.6000000000e+03
-5.3580444420e+01 7.7000000000e+03
-5.4699072330e+01 7.8000000000e+03
-5.5836284801e+01 7.9000000000e+03
-5.6992624342e+01 8.0000000000e+03
-5.8168658443e+01 8.1000000000e+03
-5.9364981239e+01 8.2000000000e+03
-6.0582215335e+01 8.3000000000e+03
-6.1821013790e+01 8.4000000000e+03
-6.3082062287e+01 8.5000000000e+03
-6.4366081508e+01 8.6000000000e+03
-6.5673829742e+01 8.7000000000e+03
-6.7006105749e+01 8.8000000000e+03
-6.8363752159e+01 8.9000000000e+03
-6.9747657998e+01 9.0000000000e+03
-7.1158763952e+01 9.1000000000e+03
-7.2598065715e+01 9.2000000000e+03
-7.4066618970e+01 9.3000000000e+03
-7.5565544682e+01 9.4000000000e+03
-7.7096035017e+01 9.5000000000e+03
-7.8659359973e+01 9.6000000000e+03
-8.0256874846e+01 9.7000000000e+03
-8.1890028630e+01 9.8000000000e+03
-8.3560373545e+01 9.9000000000e+03
-8.5269575839e+01 1.0000000000e+04
-8.7019428114e+01 1.0100000000e+04
-8.8811863424e+01 1.0200000000e+04
-9.0648971483e+01 1.0300000000e+04
-9.2533017369e+01 1.0400000000e+04
-9.4466463229e+01 1.0500000000e+04
-9.6451993579e+01 1.0600000000e+04
-9.8492544966e+01 1.0700000000e+04
-1.0059134095e+02 1.0800000000e+04
-1.0275193361e+02 1.0900000000e+04
-1.0497825315e+02 1.1000000000e+04
-1.0727466762e+02 1.1100000000e+04
-1.0964605534e+02 1.1200000000e+04
-1.1209789365e+02 1.1300000000e+04
-1.1463636855e+02 1.1400000000e+04
-1.1726851162e+02 1.1500000000e+04
-1.2000237322e+02 1.1600000000e+04
-1.2284724436e+02 1.1700000000e+04
-1.2581394375e+02 1.1800000000e+04
-1.2891519958e+02 1.1900000000e+04
-1.3216616036e+02 1.2000000000e+04
-1.3558509844e+02 1.2100000000e+04
-1.3919440074e+02 1.2200000000e+04
-1.4302200483e+02 1.2300000000e+04
-1.4710355320e+02 1.2400000000e+04
-1.5148576048e+02 1.2500000000e+04
-1.5623195151e+02 1.2600000000e+04
-8.4751983736e+02 1.2700000000e+04
-8.4764326160e+02 1.2800000000e+04
-8.4776641537e+02 1.2900000000e+04
-8.4788930104e+02 1.3000000000e+04
-8.4801192095e+02 1.3100000000e+04
-8.4813427738e+02 1.3200000000e+04
-8.4825637261e+02 1.3300000000e+04
-8.4837820887e+02 1.3400000000e+04
-8.4849978838e+02 1.3500000000e+04
-8.4862111331e+02 1.3600000000e+04
-8.4874218581e+02 1.3700000000e+04
-8.4886300801e+02 1.3800000000e+04
-8.4898358199e+02 1.3900000000e+04
-8.4910390983e+02 1.4000000000e+04
-8.4922399357e+02 1.4100000000e+04
-8.4934383522e+02 1.4200000000e+04
-8.4946343676e+02 1.4300000000e+04
-8.4958280017e+02 1.4400000000e+04
-8.4970192738e+02 1.4500000000e+04
-8.4982082031e+02 1.4600000000e+04
-8.4993948085e+02 1.4700000000e+04
-8.5005791084e+02 1.4800000000e+04
-8.5017611215e+02 1.4900000000e+04
-8.5029408658e+02 1.5000000000e+04
-8.5041183594e+02 1.5100000000e+04
-8.5052936200e+02 1.5200000000e+04
-8.5064666651e+02 1.5300000000e+04
-8.5076375120e+02 1.5400000000e+04
-8.5088061778e+02 1.5500000000e+04
-8.5099726794e+02 1.5600000000e+04
-8.5111370335e+02 1.5700000000e+04
-8.5122992565e+02 1.5800000000e+04
-8.5134593647e+02 1.5900000000e+04
-8.5146173742e+02 1.6000000000e+04
-8.5157733009e+02 1.6100000000e+04
-8.5169271604e+02 1.6200000000e+04
-8.5180789683e+02 1.6300000000e+04
-8.5192287399e+02 1.6400000000e+04
-8.5203764903e+02 1.6500000000e+04
-8.5215222345e+02 1.6600000000e+04
-8.5226659873e+02 1.6700000000e+04
-8.5238077633e+02 1.6800000000e+04
-8.5249475769e+02 1.6900000000e+04
-8.5260854425e+02 1.7000000000e+04
-8.5272213741e+02 1.7100000000e+04
-8.5283553856e+02 1.7200000000e+04
-8.5294874910e+02 1.7300000000e+04
-8.5306177037e+02 1.7400000000e+04
-8.5317460372e+02 1.7500000000e+04
-8.5328725050e+02 1.7600000000e+04
-8.5339971201e+02 1.7700000000e+04
-8.5351198956e+02 1.7800000000e+04
-8.5362408443e+02 1.7900000000e+04
-8.5373599789e+02 1.8000000000e+04
-8.5384773121e+02 1.8100000000e+04
-8.5395928564e+02 1.8200000000e+04
-8.5407066239e+02 1.8300000000e+04
-8.5418186269e+02 1.8400000000e+04
-8.5429288774e+02 1.8500000000e+04
-8.5440373874e+02 1.8600000000e+04
-8.5451441685e+02 1.8700000000e+04
-8.5462492325e+02 1.8800000000e+04
-8.5473525909e+02 1.8900000000e+04
-8.5484542550e+02 1.9000000000e+04
-8.5495542361e+02 1.9100000000e+04
-8.5506525454e+02 1.9200000000e+04
-8.5517491939e+02 1.9300000000e+04
-8.5528441925e+02 1.9400000000e+04
-8.5539375520e+02 1.9500000000e+04
-8.5550292832e+02 1.9600000000e+04
-8.5561193965e+02 1.9700000000e+04
-8.5572079024e+02 1.9800000000e+04
-8.5582948113e+02 1.9900000000e+04
-8.5593801334e+02 2.0000000000e+04
-8.5604638788e+02 2.0100000000e+04
-8.5615460577e+02 2.0200000000e+04
-8.5626266798e+02 2.0300000000e+04
-8.5637057550e+02 2.0400000000e+04
-8.5647832930e+02 2.0500000000e+04
-8.5658593035e+02 2.0600000000e+04
-8.5669337960e+02 2.0700000000e+04
-8.5680067799e+02 2.0800000000e+04
-8.5690782644e+02 2.0900000000e+04
-8.5701482590e+02 2.1000000000e+04
-8.5712167725e+02 2.1100000000e+04
-8.5722838143e+02 2.1200000000e+04
-8.5733493932e+02 2.1300000000e+04
-8.5744135181e+02 2.1400000000e+04
-8.5754761977e+02 2.1500000000e+04
-8.5765374408e+02 2.1600000000e+04
-8.5775972559e+02 2.1700000000e+04
-8.5786556516e+02 2.1800000000e+04
-8.5797126363e+02 2.1900000000e+04
-8.5807682184e+02 2.2000000000e+04
-8.5818224061e+02 2.2100000000e+04
-8.5828752077e+02 2.2200000000e+04
-8.5839266312e+02 2.2300000000e+04
-8.5849766847e+02 2.2400000000e+04
-8.5860253762e+02 2.2500000000e+04
-8.5870727135e+02 2.2600000000e+04
-8.5881187044e+02 2.2700000000e+04
-8.5891633567e+02 2.2800000000e+04
-8.5902066780e+02 2.2900000000e+04
-8.5912486759e+02 2.3000000000e+04
-8.5922893579e+02 2.3100000000e+04
-8.5933287316e+02 2.3200000000e+04
-8.5943668041e+02 2.3300000000e+04
-8.5954035829e+02 2.3400000000e+04
-8.5964390752e+02 2.3500000000e+04
-8.5974732881e+02 2.3600000000e+04
-8.5985062288e+02 2.3700000000e+04
-8.5995379043e+02 2.3800000000e+04
-8.6005683215e+02 2.3900000000e+04
-8.6015974874e+02 2.4000000000e+04
-8.6026254088e+02 2.4100000000e+04
-8.6036520925e+02 2.4200000000e+04
-8.6046775452e+02 2.4300000000e+04
-8.6057017736e+02 2.4400000000e+04
-8.6067247842e+02 2.4500000000e+04
-8.6077465837e+02 2.4600000000e+04
-8.6087671785e+02 2.4700000000e+04
-8.6097865749e+02 2.4800000000e+04
-8.6108047795e+02 2.4900000000e+04
-8.6118217984e+02 2.5000000000e+04
-8.6128376380e+02 2.5100000000e+04
-8.6138523044e+02 2.5200000000e+04
-8.6148658038e+02 2.5300000000e+04
-8.6158781423e+02 2.5400000000e+04
-8.6168893258e+02 2.5500000000e+04
-8.6178993605e+02 2.5600000000e+04
-8.6189082521e+02 2.5700000000e+04
-8.6199160067e+02 2.5800000000e+04
-8.6209226300e+02 2.5900000000e+04
-8.6219281277e+02 2.6000000000e+04
-8.6229325057e+02 2.6100000000e+04
-8.6239357697e+02 2.6200000000e+04
-8.6249379251e+02 2.6300000000e+04
-8.6259389777e+02 2.6400000000e+04
-8.6269389329e+02 2.6500000000e+04
-8.6279377962e+02 2.6600000000e+04
-8.6289355731e+02 2.6700000000e+04
-8.6299322690e+02 2.6800000000e+04
-8.6309278892e+02 2.6900000000e+04
-8.6319224391e+02 2.7000000000e+04
-8.6329159238e+02 2.7100000000e+04
-8.6339083487e+02 2.7200000000e+04
-8.6348997188e+02 2.7300000000e+04
-8.6358900393e+02 2.7400000000e+04
-8.6368793153e+02 2.7500000000e+04
-8.6378675519e+02 2.7600000000e+04
-8.6388547540e+02 2.7700000000e+04
-8.6398409266e+02 2.7800000000e+04
-8.6408260746e+02 2.7900000000e+04
-8.6418102030e+02 2.8000000000e+04
-8.6427933165e+02 2.8100000000e+04
-8.6437754200e+02 2.8200000000e+04
-8.6447565182e+02 2.8300000000e+04
-8.6457366159e+02 2.8400000000e+04
-8.6467157177e+02 2.8500000000e+04
-8.6476938283e+02 2.8600000000e+04
-8.6486709523e+02 2.8700000000e+04
-8.6496470944e+02 2.8800000000e+04
-8.6506222589e+02 2.8900000000e+04
-8.6515964505e+02 2.9000000000e+04
-8.6525696736e+02 2.9100000000e+04
-8.6535419326e+02 2.9200000000e+04
-8.6545132319e+02 2.9300000000e+04
-8.6554835760e+02 2.9400000000e+04
-8.6564529691e+02 2.9500000000e+04
-8.6574214156e+02 2.9600000000e+04
-8.6583889196e+02 2.9700000000e+04
-8.6593554855e+02 2.9800000000e+04
-8.6603211174e+02 2.9900000000e+04
-8.6612858195e+02 3.0000000000e+04
-8.6622495959e+02 3.0100000000e+04
-8.6632124508e+02 3.0200000000e+04
-8.6641743882e+02 3.0300000000e+04
-8.6651354121e+02 3.0400000000e+04
-8.6660955266e+02 3.0500000000e+04
-8.6670547356e+02 3.0600000000e+04
-8.6680130432e+02 3.0700000000e+04
-8.6689704531e+02 3.0800000000e+04
-8.6699269693e+02 3.0900000000e+04
-8.6708825957e+02 3.1000000000e+04
-8.6718373361e+02 3.1100000000e+04
-8.6727911942e+02 3.1200000000e+04
-8.6737441740e+02 3.1300000000e+04
-8.6746962790e+02 3.1400000000e+04
-8.6756475131e+02 3.1500000000e+04
-8.6765978800e+02 3.1600000000e+04
-8.6775473832e+02 3.1700000000e+04
-8.6784960265e+02 3.1800000000e+04
-8.6794438134e+02 3.1900000000e+04
-8.6803907476e+02 3.2000000000e+04
-8.6813368325e+02 3.2100000000e+04
-8.6822820718e+02 3.2200000000e+04
-8.6832264690e+02 3.2300000000e+04
-8.6841700274e+02 3.2400000000e+04
-8.6851127507e+02 3.2500000000e+04
-8.6860546421e+02 3.2600000000e+04
-8.6869957052e+02 3.2700000000e+04
-8.6879359433e+02 3.2800000000e+04
-8.6888753598e+02 3.2900000000e+04
-8.6898139580e+02 3.3000000000e+04
-8.6907517412e+02 3.3100000000e+04
-8.6916887127e+02 3.3200000000e+04
-8.6926248758e+02 3.3300000000e+04
-8.6935602338e+02 3.3400000000e+04
-8.6944947898e+02 3.3500000000e+04
-8.6954285470e+02 3.3600000000e+04
-8.6963615086e+02 3.3700000000e+04
-8.6972936778e+02 3.3800000000e+04
-8.6982250578e+02 3.3900000000e+04
-8.6991556515e+02 3.4000000000e+04
-8.7000854622e+02 3.4100000000e+04
-8.7010144928e+02 3.4200000000e+04
-8.7019427464e+02 3.4300000000e+04
-8.7028702262e+02 3.4400000000e+04
-8.7037969349e+02 3.4500000000e+04
-8.7047228757e+02 3.4600000000e+04
-8.7056480515e+02 3.4700000000e+04
-8.7065724653e+02 3.4800000000e+04
-8.7074961200e+02 3.4900000000e+04
-8.7084190184e+02 3.5000000000e+04
-8.7093411635e+02 3.5100000000e+04
-8.7102625581e+02 3.5200000000e+04
-8.7111832051e+02 3.5300000000e+04
-8.7121031074e+02 3.5400000000e+04
-8.7130222676e+02 3.5500000000e+04
-8.7139406887e+02 3.5600000000e+04
-8.7148583733e+02 3.5700000000e+04
-8.7157753243e+02 3.5800000000e+04
-8.7166915444e+02 3.5900000000e+04
-8.7176070362e+02 3.6000000000e+04
-8.7185218026e+02 3.6100000000e+04
-8.7194358461e+02 3.6200000000e+04
-8.7203491695e+02 3.6300000000e+04
-8.7212617753e+02 3.6400000000e+04
-8.7221736663e+02 3.6500000000e+04
-8.7230848450e+02 3.6600000000e+04
-8.7239953141e+02 3.6700000000e+04
-8.7249050761e+02 3.6800000000e+04
-8.7258141335e+02 3.6900000000e+04
-8.7267224890e+02 3.7000000000e+04
-8.7276301450e+02 3.7100000000e+04
-8.7285371040e+02 3.7200000000e+04
-8.7294433687e+02 3.7300000000e+04
-8.7303489414e+02 3.7400000000e+04
-8.7312538246e+02 3.7500000000e+04
-8.7321580208e+02 3.7600000000e+04
-8.7330615324e+02 3.7700000000e+04
-8.7339643618e+02 3.7800000000e+04
-8.7348665114e+02 3.7900000000e+04
-8.7357679837e+02 3.8000000000e+04
-8.7366687810e+02 3.8100000000e+04
-8.7375689056e+02 3.8200000000e+04
-8.7384683599e+02 3.8300000000e+04
-8.7393671463e+02 3.8400000000e+04
-8.7402652670e+02 3.8500000000e+04
-8.7411627243e+02 3.8600000000e+04
-8.7420595207e+02 3.8700000000e+04
-8.7429556582e+02 3.8800000000e+04
-8.7438511392e+02 3.8900000000e+04
-8.7447459660e+02 3.9000000000e+04
-8.7456401407e+02 3.9100000000e+04
-8.7465336656e+02 3.9200000000e+04
-8.7474265428e+02 3.9300000000e+04
-8.7483187747e+02 3.9400000000e+04
-8.7492103633e+02 3.9500000000e+04
-8.7501013108e+02 3.9600000000e+04
-8.7509916195e+02 3.9700000000e+04
-8.7518812913e+02 3.9800000000e+04
-8.7527703285e+02 3.9900000000e+04
-8.7536587331e+02 4.0000000000e+04
-8.7545465074e+02 4.0100000000e+04
-8.7554336532e+02 4.0200000000e+04
-8.7563201729e+02 4.0300000000e+04
-8.7572060683e+02 4.0400000000e+04
-8.7580913415e+02 4.0500000000e+04
-8.7589759947e+02 4.0600000000e+04
-8.7598600298e+02 4.0700000000e+04
-8.7607434488e+02 4.0800000000e+04
-8.7616262538e+02 4.0900000000e+04
-8.7625084467e+02 4.1000000000e+04
-8.7633900295e+02 4.1100000000e+04
-8.7642710042e+02 4.1200000000e+04
-8.7651513728e+02 4.1300000000e+04
-8.7660311372e+02 4.1400000000e+04
-8.7669102993e+02 4.1500000000e+04
-8.7677888610e+02 4.1600000000e+04
-8.7686668244e+02 4.1700000000e+04
-8.7695441912e+02 4.1800000000e+04
-8.7704209634e+02 4.1900000000e+04
-8.7712971429e+02 4.2000000000e+04
-8.7721727314e+02 4.2100000000e+04
-8.7730477310e+02 4.2200000000e+04
-8.7739221434e+02 4.2300000000e+04
-8.7747959705e+02 4.2400000000e+04
-8.7756692140e+02 4.2500000000e+04
-8.7765418759e+02 4.2600000000e+04
-8.7774139580e+02 4.2700000000e+04
-8.7782854619e+02 4.2800000000e+04
-8.7791563896e+02 4.2900000000e+04
-8.7800267428e+02 4.3000000000e+04
-8.7808965232e+02 4.3100000000e+04
-8.7817657327e+02 4.3200000000e+04
-8.7826343729e+02 4.3300000000e+04
-8.7835024457e+02 4.3400000000e+04
-8.7843699527e+02 4.3500000000e+04
-8.7852368956e+02 4.3600000000e+04
-8.7861032762e+02 4.3700000000e+04
-8.7869690962e+02 4.3800000000e+04
-8.7878343573e+02 4.3900000000e+04
-8.7886990611e+02 4.4000000000e+04
-8.7895632094e+02 4.4100000000e+04
-8.7904268037e+02 4.4200000000e+04
-8.7912898458e+02 4.4300000000e+04
-8.7921523373e+02 4.4400000000e+04
-8.7930142798e+02 4.4500000000e+04
-8.7938756749e+02 4.4600000000e+04
-8.7947365243e+02 4.4700000000e+04
-8.7955968296e+02 4.4800000000e+04
-8.7964565925e+02 4.4900000000e+04
-8.7973158143e+02 4.5000000000e+04
-8.7981744969e+02 4.5100000000e+04
-8.7990326417e+02 4.5200000000e+04
-8.7998902503e+02 4.5300000000e+04
-8.8007473243e+02 4.5400000000e+04
-8.8016038653e+02 4.5500000000e+04
-8.8024598747e+02 4.5600000000e+04
-8.8033153541e+02 4.5700000000e+04
-8.8041703050e+02 4.5800000000e+04
-8.8050247290e+02 4.5900000000e+04
-8.8058786276e+02 4.6000000000e+04
-8.8067320023e+02 4.6100000000e+04
-8.8075848545e+02 4.6200000000e+04
-8.8084371858e+02 4.6300000000e+04
-8.8092889976e+02 4.6400000000e+04
-8.8101402914e+02 4.6500000000e+04
-8.8109910687e+02 4.6600000000e+04
-8.8118413309e+02 4.6700000000e+04
-8.8126910796e+02 4.6800000000e+04
-8.8135403160e+02 4.6900000000e+04
-8.8143890417e+02 4.7000000000e+04
-8.8152372581e+02 4.7100000000e+04
-8.8160849666e+02 4.7200000000e+04
-8.8169321687e+02 4.7300000000e+04
-8.8177788657e+02 4.7400000000e+04
-8.8186250590e+02 4.7500000000e+04
-8.8194707500e+02 4.7600000000e+04
-8.8203159402e+02 4.7700000000e+04
-8.8211606308e+02 4.7800000000e+04
-8.8220048233e+02 4.7900000000e+04
-8.8228485190e+02 4.8000000000e+04
-8.8236917193e+02 4.8100000000e+04
-8.8245344255e+02 4.8200000000e+04
-8.8253766390e+02 4.8300000000e+04
-8.8262183611e+02 4.8400000000e+04
-8.8270595932e+02 4.8500000000e+04
-8.8279003365e+02 4.8600000000e+04
-8.8287405924e+02 4.8700000000e+04
-8.8295803622e+02 4.8800000000e+04
-8.8304196472e+02 4.8900000000e+04
-8.8312584488e+02 4.9000000000e+04
-8.8320967681e+02 4.9100000000e+04
-8.8329346064e+02 4.9200000000e+04
-8.8337719652e+02 4.9300000000e+04
-8.8346088455e+02 4.9400000000e+04
-8.8354452488e+02 4.9500000000e+04
-8.8362811762e+02 4.9600000000e+04
-8.8371166290e+02 4.9700000000e+04
-8.8379516085e+02 4.9800000000e+04
-8.8387861158e+02 4.9900000000e+04
-8.8396201523e+02 5.0000000000e+04
-8.8404537192e+02 5.0100000000e+04
-8.8412868177e+02 5.0200000000e+04
-8.8421194490e+02 5.0300000000e+04
-8.8429516142e+02 5.0400000000e+04
-8.8437833148e+02 5.0500000000e+04
-8.8446145517e+02 5.0600000000e+04
-8.8454453263e+02 5.0700000000e+04
-8.8462756397e+02 5.0800000000e+04
-8.8471054931e+02 5.0900000000e+04
-8.8479348877e+02 5.1000000000e+04
-8.8487638246e+02 5.1100000000e+04
-8.8495923050e+02 5.1200000000e+04
-8.8504203302e+02 5.1300000000e+04
-8.8512479011e+02 5.1400000000e+04
-8.8520750191e+02 5.1500000000e+04
-8.8529016851e+02 5.1600000000e+04
-8.8537279005e+02 5.1700000000e+04
-8.8545536662e+02 5.1800000000e+04
-8.8553789835e+02 5.1900000000e+04
-8.8562038535e+02 5.2000000000e+04
-8.8570282772e+02 5.2100000000e+04
-8.8578522558e+02 5.2200000000e+04
-8.8586757905e+02 5.2300000000e+04
-8.8594988822e+02 5.2400000000e+04
-8.8603215322e+02 5.2500000000e+04
-8.8611437414e+02 5.2600000000e+04
-8.8619655110e+02 5.2700000000e+04
-8.8627868421e+02 5.2800000000e+04
-8.8636077358e+02 5.2900000000e+04
-8.8644281931e+02 5.3000000000e+04
-8.8652482151e+02 5.3100000000e+04
-8.8660678028e+02 5.3200000000e+04
-8.8668869573e+02 5.3300000000e+04
-8.8677056797e+02 5.3400000000e+04
-8.8685239711e+02 5.3500000000e+04
-8.8693418324e+02 5.3600000000e+04
-8.8701592647e+02 5.3700000000e+04
-8.8709762690e+02 5.3800000000e+04
-8.8717928465e+02 5.3900000000e+04
-8.8726089980e+02 5.4000000000e+04
-8.8734247246e+02 5.4100000000e+04
-8.8742400274e+02 5.4200000000e+04
-8.8750549073e+02 5.4300000000e+04
-8.8758693654e+02 5.4400000000e+04
-8.8766834027e+02 5.4500000000e+04
-8.8774970201e+02 5.4600000000e+04
-8.8783102186e+02 5.4700000000e+04
-8.8791229993e+02 5.4800000000e+04
-8.8799353632e+02 5.4900000000e+04
-8.8807473111e+02 5.5000000000e+04
-8.8815588442e+02 5.5100000000e+04
-8.8823699633e+02 5.5200000000e+04
-8.8831806694e+02 5.5300000000e+04
-8.8839909636e+02 5.5400000000e+04
-8.8848008467e+02 5.5500000000e+04
-8.8856103197e+02 5.5600000000e+04
-8.8864193836e+02 5.5700000000e+04
-8.8872280392e+02 5.5800000000e+04
-8.8880362877e+02 5.5900000000e+04
-8.8888441298e+02 5.6000000000e+04
-8.8896515666e+02 5.6100000000e+04
-8.8904585990e+02 5.6200000000e+04
-8.8912652278e+02 5.6300000000e+04
-8.8920714541e+02 5.6400000000e+04
-8.8928772787e+02 5.6500000000e+04
-8.8936827025e+02 5.6600000000e+04
-8.8944877265e+02 5.6700000000e+04
-8.8952923516e+02 5.6800000000e+04
-8.8960965787e+02 5.6900000000e+04
-8.8969004086e+02 5.7000000000e+04
-8.8977038424e+02 5.7100000000e+04
-8.8985068807e+02 5.7200000000e+04
-8.8993095247e+02 5.7300000000e+04
-8.9001117751e+02 5.7400000000e+04
-8.9009136328e+02 5.7500000000e+04
-8.9017150987e+02 5.7600000000e+04
-8.9025161737e+02 5.7700000000e+04
-8.9033168586e+02 5.7800000000e+04
-8.9041171543e+02 5.7900000000e+04
-8.9049170618e+02 5.8000000000e+04
-8.9057165817e+02 5.8100000000e+04
-8.9065157151e+02 5.8200000000e+04
-8.9073144627e+02 5.8300000000e+04
-8.9081128254e+02 5.8400000000e+04
-8.9089108040e+02 5.8500000000e+04
-8.9097083994e+02 5.8600000000e+04
-8.9105056124e+02 5.8700000000e+04
-8.9113024439e+02 5.8800000000e+04
-8.9120988947e+02 5.8900000000e+04
-8.9128949656e+02 5.9000000000e+04
-8.9136906574e+02 5.9100000000e+04
-8.9144859710e+02 5.9200000000e+04
-8.9152809072e+02 5.9300000000e+04
-8.9160754668e+02 5.9400000000e+04
-8.9168696505e+02 5.9500000000e+04
-8.9176634593e+02 5.9600000000e+04
-8.9184568940e+02 5.9700000000e+04
-8.9192499552e+02 5.9800000000e+04
-8.9200426439e+02 5.9900000000e+04
-8.9208349608e+02 6.0000000000e+04
-8.9216269067e+02 6.0100000000e+04
-8.9224184824e+02 6.0200000000e+04
-8.9232096886e+02 6.0300000000e+04
-8.9240005263e+02 6.0400000000e+04
-8.9247909961e+02 6.0500000000e+04
-8.9255810988e+02 6.0600000000e+04
-8.9263708352e+02 6.0700000000e+04
-8.9271602060e+02 6.0800000000e+04
-8.9279492122e+02 6.0900000000e+04
-8.9287378543e+02 6.1000000000e+04
-8.9295261331e+02 6.1100000000e+04
-8.9303140495e+02 6.1200000000e+04
-8.9311016042e+02 6.1300000000e+04
-8.9318887979e+02 6.1400000000e+04
-8.9326756313e+02 6.1500000000e+04
-8.9334621053e+02 6.1600000000e+04
-8.9342482205e+02 6.1700000000e+04
-8.9350339778e+02 6.1800000000e+04
-8.9358193778e+02 6.1900000000e+04
-8.9366044213e+02 6.2000000000e+04
-8.9373891089e+02 6.2100000000e+04
-8.9381734416e+02 6.2200000000e+04
-8.9389574199e+02 6.2300000000e+04
-8.9397410445e+02 6.2400000000e+04
-8.9405243163e+02 6.2500000000e+04
-8.9413072359e+02 6.2600000000e+04
-8.9420898041e+02 6.2700000000e+04
-8.9428720215e+02 6.2800000000e+04
-8.9436538889e+02 6.2900000000e+04
-8.9444354069e+02 6.3000000000e+04
-8.9452165764e+02 6.3100000000e+04
-8.9459973979e+02 6.3200000000e+04
-8.9467778721e+02 6.3300000000e+04
-8.9475579999e+02 6.3400000000e+04
-8.9483377818e+02 6.3500000000e+04
-8.9491172186e+02 6.3600000000e+04
-8.9498963109e+02 6.3700000000e+04
-8.9506750595e+02 6.3800000000e+04
-8.9514534650e+02 6.3900000000e+04
-8.9522315280e+02 6.4000000000e+04
-8.9530092494e+02 6.4100000000e+04
-8.9537866297e+02 6.4200000000e+04
-8.9545636696e+02 6.4300000000e+04
-8.9553403698e+02 6.4400000000e+04
-8.9561167310e+02 6.4500000000e+04
-8.9568927538e+02 6.4600000000e+04
-8.9576684389e+02 6.4700000000e+04
-8.9584437869e+02 6.4800000000e+04
-8.9592187986e+02 6.4900000000e+04
-8.9599934745e+02 6.5000000000e+04
-8.9607678153e+02 6.5100000000e+04
-8.9615418217e+02 6.5200000000e+04
-8.9623154943e+02 6.5300000000e+04
-8.9630888338e+02 6.5400000000e+04
-8.9638618408e+02 6.5500000000e+04
-8.9646345159e+02 6.5600000000e+04
-8.9654068598e+02 6.5700000000e+04
-8.9661788732e+02 6.5800000000e+04
-8.9669505566e+02 6.5900000000e+04
-8.9677219107e+02 6.6000000000e+04
-8.9684929361e+02 6.6100000000e+04
-8.9692636334e+02 6.6200000000e+04
-8.9700340034e+02 6.6300000000e+04
-8.9708040465e+02 6.6400000000e+04
-8.9715737634e+02 6.6500000000e+04
-8.9723431548e+02 6.6600000000e+04
-8.9731122212e+02 6.6700000000e+04
-8.9738809633e+02 6.6800000000e+04
-8.9746493816e+02 6.6900000000e+04
-8.9754174769e+02 6.7000000000e+04
-8.9761852496e+02 6.7100000000e+04
-8.9769527005e+02 6.7200000000e+04
-8.9777198300e+02 6.7300000000e+04
-8.9784866388e+02 6.7400000000e+04
-8.9792531276e+02 6.7500000000e+04
-8.9800192968e+02 6.7600000000e+04
-8.9807851471e+02 6.7700000000e+04
-8.9815506791e+02 6.7800000000e+04
-8.9823158934e+02 6.7900000000e+04
-8.9830807906e+02 6.8000000000e+04
-8.9838453712e+02 6.8100000000e+04
-8.9846096358e+02 6.8200000000e+04
-8.9853735850e+02 6.8300000000e+04
-8.9861372195e+02 6.8400000000e+04
-8.9869005397e+02 6.8500000000e+04
-8.9876635462e+02 6.8600000000e+04
-8.9884262397e+02 6.8700000000e+04
-8.9891886207e+02 6.8800000000e+04
-8.9899506897e+02 6.8900000000e+04
-8.9907124474e+02 6.9000000000e+04
-8.9914738942e+02 6.9100000000e+04
-8.9922350309e+02 6.9200000000e+04
-8.9929958578e+02 6.9300000000e+04
-8.9937563756e+02 6.9400000000e+04
-8.9945165849e+02 6.9500000000e+04
-8.9952764862e+02 6.9600000000e+04
-8.9960360800e+02 6.9700000000e+04
-8.9967953669e+02 6.9800000000e+04
-8.9975543475e+02 6.9900000000e+04
-8.9983130223e+02 7.0000000000e+04
-8.9990713918e+02 7.0100000000e+04
-8.9998294567e+02 7.0200000000e+04
-9.0005872173e+02 7.0300000000e+04
-9.0013446744e+02 7.0400000000e+04
-9.0021018284e+02 7.0500000000e+04
-9.0028586798e+02 7.0600000000e+04
-9.0036152292e+02 7.0700000000e+04
-9.0043714771e+02 7.0800000000e+04
-9.0051274241e+02 7.0900000000e+04
-9.0058830707e+02 7.1000000000e+04
-9.0066384174e+02 7.1100000000e+04
-9.0073934648e+02 7.1200000000e+04
-9.0081482133e+02 7.1300000000e+04
-9.0089026635e+02 7.1400000000e+04
-9.0096568159e+02 7.1500000000e+04
-9.0104106711e+02 7.1600000000e+04
-9.0111642295e+02 7.1700000000e+04
-9.0119174917e+02 7.1800000000e+04
-9.0126704581e+02 7.1900000000e+04
-9.0134231294e+02 7.2000000000e+04
-9.0141755059e+02 7.2100000000e+04
-9.0149275883e+02 7.2200000000e+04
-9.0156793770e+02 7.2300000000e+04
-9.0164308725e+02 7.2400000000e+04
-9.0171820753e+02 7.2500000000e+04
-9.0179329860e+02 7.2600000000e+04
-9.0186836050e+02 7.2700000000e+04
-9.0194339329e+02 7.2800000000e+04
-9.0201839701e+02 7.2900000000e+04
-9.0209337171e+02 7.3000000000e+04
-9.0216831744e+02 7.3100000000e+04
-9.0224323426e+02 7.3200000000e+04
-9.0231812220e+02 7.3300000000e+04
-9.0239298133e+02 7.3400000000e+04
-9.0246781169e+02 7.3500000000e+04
-9.0254261332e+02 7.3600000000e+04
-9.0261738628e+02 7.3700000000e+04
-9.0269213061e+02 7.3800000000e+04
-9.0276684636e+02 7.3900000000e+04
-9.0284153359e+02 7.4000000000e+04
-9.0291619233e+02 7.4100000000e+04
-9.0299082264e+02 7.4200000000e+04
-9.0306542456e+02 7.4300000000e+04
-9.0313999814e+02 7.4400000000e+04
-9.0321454343e+02 7.4500000000e+04
-9.0328906048e+02 7.4600000000e+04
-9.0336354933e+02 7.4700000000e+04
-9.0343801002e+02 7.4800000000e+04
-9.0351244262e+02 7.4900000000e+04
-9.0358684715e+02 7.5000000000e+04
-9.0366122367e+02 7.5100000000e+04
-9.0373557223e+02 7.5200000000e+04
-9.0380989287e+02 7.5300000000e+04
-9.0388418563e+02 7.5400000000e+04
-9.0395845057e+02 7.5500000000e+04
-9.0403268773e+02 7.5600000000e+04
-9.0410689715e+02 7.5700000000e+04
-9.0418107887e+02 7.5800000000e+04
-9.0425523296e+02 7.5900000000e+04
-9.0432935944e+02 7.6000000000e+04
-9.0440345836e+02 7.6100000000e+04
-9.0447752978e+02 7.6200000000e+04
-9.0455157372e+02 7.6300000000e+04
-9.0462559025e+02 7.6400000000e+04
-9.0469957940e+02 7.6500000000e+04
-9.0477354121e+02 7.6600000000e+04
-9.0484747574e+02 7.6700000000e+04
-9.0492138302e+02 7.6800000000e+04
-9.0499526310e+02 7.6900000000e+04
-9.0506911602e+02 7.7000000000e+04
-9.0514294182e+02 7.7100000000e+04
-9.0521674056e+02 7.7200000000e+04
-9.0529051227e+02 7.7300000000e+04
-9.0536425699e+02 7.7400000000e+04
-9.0543797477e+02 7.7500000000e+04
-9.0551166565e+02 7.7600000000e+04
-9.0558532968e+02 7.7700000000e+04
-9.0565896689e+02 7.7800000000e+04
-9.0573257733e+02 7.7900000000e+04
-9.0580616105e+02 7.8000000000e+04
-9.0587971808e+02 7.8100000000e+04
-9.0595324846e+02 7.8200000000e+04
-9.0602675224e+02 7.8300000000e+04
-9.0610022946e+02 7.8400000000e+04
-9.0617368016e+02 7.8500000000e+04
-9.0624710439e+02 7.8600000000e+04
-9.0632050218e+02 7.8700000000e+04
-9.0639387358e+02 7.8800000000e+04
-9.0646721862e+02 7.8900000000e+04
-9.0654053735e+02 7.9000000000e+04
-9.0661382981e+02 7.9100000000e+04
-9.0668709604e+02 7.9200000000e+04
-9.0676033608e+02 7.9300000000e+04
-9.0683354997e+02 7.9400000000e+04
-9.0690673776e+02 7.9500000000e+04
-9.0697989947e+02 7.9600000000e+04
-9.0705303516e+02 7.9700000000e+04
-9.0712614486e+02 7.9800000000e+04
-9.0719922861e+02 7.9900000000e+04
-9.0727228646e+02 8.0000000000e+04
-9.0734531844e+02 8.0100000000e+04
-9.0741832459e+02 8.0200000000e+04
-9.0749130495e+02 8.0300000000e+04
-9.0756425956e+02 8.0400000000e+04
-9.0763718846e+02 8.0500000000e+04
-9.0771009169e+02 8.0600000000e+04
-9.0778296929e+02 8.0700000000e+04
-9.0785582129e+02 8.0800000000e+04
-9.0792864774e+02 8.0900000000e+04
-9.0800144868e+02 8.1000000000e+04
-9.0807422414e+02 8.1100000000e+04
-9.0814697416e+02 8.1200000000e+04
-9.0821969878e+02 8.1300000000e+04
-9.0829239804e+02 8.1400000000e+04
-9.0836507198e+02 8.1500000000e+04
-9.0843772063e+02 8.1600000000e+04
-9.0851034404e+02 8.1700000000e+04
-9.0858294223e+02 8.1800000000e+04
-9.0865551525e+02 8.1900000000e+04
-9.0872806314e+02 8.2000000000e+04
-9.0880058593e+02 8.2100000000e+04
-9.0887308367e+02 8.2200000000e+04
-9.0894555638e+02 8.2300000000e+04
-9.0901800410e+02 8.2400000000e+04
-9.0909042688e+02 8.2500000000e+04
-9.0916282475e+02 8.2600000000e+04
-9.0923519774e+02 8.2700000000e+04
-9.0930754590e+02 8.2800000000e+04
-9.0937986926e+02 8.2900000000e+04
-9.0945216785e+02 8.3000000000e+04
-9.0952444171e+02 8.3100000000e+04
-9.0959669089e+02 8.3200000000e+04
-9.0966891540e+02 8.3300000000e+04
-9.0974111530e+02 8.3400000000e+04
-9.0981329062e+02 8.3500000000e+04
-9.0988544139e+02 8.3600000000e+04
-9.0995756765e+02 8.3700000000e+04
-9.1002966943e+02 8.3800000000e+04
-9.1010174678e+02 8.3900000000e+04
-9.1017379972e+02 8.4000000000e+04
-9.1024582829e+02 8.4100000000e+04
-9.1031783253e+02 8.4200000000e+04
-9.1038981247e+02 8.4300000000e+04
-9.1046176815e+02 8.4400000000e+04
-9.1053369960e+02 8.4500000000e+04
-9.1060560685e+02 8.4600000000e+04
-9.1067748995e+02 8.4700000000e+04
-9.1074934892e+02 8.4800000000e+04
-9.1082118381e+02 8.4900000000e+04
-9.1089299464e+02 8.5000000000e+04
-9.1096478145e+02 8.5100000000e+04
-9.1103654428e+02 8.5200000000e+04
-9.1110828316e+02 8.5300000000e+04
-9.1117999812e+02 8.5400000000e+04
-9.1125168919e+02 8.5500000000e+04
-9.1132335642e+02 8.5600000000e+04
-9.1139499983e+02 8.5700000000e+04
-9.1146661946e+02 8.5800000000e+04
-9.1153821534e+02 8.5900000000e+04
-9.1160978751e+02 8.6000000000e+04
-9.1168133600e+02 8.6100000000e+04
-9.1175286084e+02 8.6200000000e+04
-9.1182436207e+02 8.6300000000e+04
-9.1189583972e+02 8.6400000000e+04
-9.1196729382e+02 8.6500000000e+04
-9.1203872441e+02 8.6600000000e+04
-9.1211013151e+02 8.6700000000e+04
-9.1218151517e+02 8.6800000000e+04
-9.1225287541e+02 8.6900000000e+04
-9.1232421227e+02 8.7000000000e+04
-9.1239552578e+02 8.7100000000e+04
-9.1246681597e+02 8.7200000000e+04
-9.1253808288e+02 8.7300000000e+04
-9.1260932653e+02 8.7400000000e+04
-9.1268054696e+02 8.7500000000e+04
-9.1275174421e+02 8.7600000000e+04
-9.1282291830e+02 8.7700000000e+04
-9.1289406926e+02 8.7800000000e+04
-9.1296519713e+02 8.7900000000e+04
-9.1303630194e+02 8.8000000000e+04
-9.1310738372e+02 8.8100000000e+04
-9.1317844251e+02 8.8200000000e+04
-9.1324947833e+02 8.8300000000e+04
-9.1332049122e+02 8.8400000000e+04
-9.1339148120e+02 8.8500000000e+04
-9.1346244831e+02 8.8600000000e+04
-9.1353339258e+02 8.8700000000e+04
-9.1360431405e+02 8.8800000000e+04
-9.1367521273e+02 8.8900000000e+04
-9.1374608867e+02 8.9000000000e+04
-9.1381694190e+02 8.9100000000e+04
-9.1388777243e+02 8.9200000000e+04
-9.1395858032e+02 8.9300000000e+04
-9.1402936558e+02 8.9400000000e+04
-9.1410012825e+02 8.9500000000e+04
-9.1417086835e+02 8.9600000000e+04
-9.1424158593e+02 8.9700000000e+04
-9.1431228100e+02 8.9800000000e+04
-9.1438295360e+02 8.9900000000e+04
-9.1445360376e+02 9.0000000000e+04
-9.1452423151e+02 9.0100000000e+04
-9.1459483688e+02 9.0200000000e+04
-9.1466541990e+02 9.0300000000e+04
-9.1473598060e+02 9.0400000000e+04
-9.1480651900e+02 9.0500000000e+04
-9.1487703515e+02 9.0600000000e+04
-9.1494752906e+02 9.0700000000e+04
-9.1501800077e+02 9.0800000000e+04
-9.1508845031e+02 9.0900000000e+04
-9.1515887770e+02 9.1000000000e+04
-9.1522928298e+02 9.1100000000e+04
-9.1529966618e+02 9.1200000000e+04
-9.1537002732e+02 9.1300000000e+04
-9.1544036643e+02 9.1400000000e+04
-9.1551068355e+02 9.1500000000e+04
-9.1558097870e+02 9.1600000000e+04
-9.1565125191e+02 9.1700000000e+04
-9.1572150321e+02 9.1800000000e+04
-9.1579173263e+02 9.1900000000e+04
-9.1586194019e+02 9.2000000000e+04
-9.1593212593e+02 9.2100000000e+04
-9.1600228988e+02 9.2200000000e+04
-9.1607243205e+02 9.2300000000e+04
-9.1614255249e+02 9.2400000000e+04
-9.1621265122e+02 9.2500000000e+04
-9.1628272827e+02 9.2600000000e+04
-9.1635278366e+02 9.2700000000e+04
-9.1642281742e+02 9.2800000000e+04
-9.1649282959e+02 9.2900000000e+04
-9.1656282019e+02 9.3000000000e+04
-9.1663278925e+02 9.3100000000e+04
-9.1670273679e+02 9.3200000000e+04
-9.1677266284e+02 9.3300000000e+04
-9.1684256744e+02 9.3400000000e+04
-9.1691245060e+02 9.3500000000e+04
-9.1698231236e+02 9.3600000000e+04
-9.1705215275e+02 9.3700000000e+04
-9.1712197179e+02 9.3800000000e+04
-9.1719176950e+02 9.3900000000e+04
-9.1726154592e+02 9.4000000000e+04
-9.1733130108e+02 9.4100000000e+04
-9.1740103499e+02 9.4200000000e+04
-9.1747074770e+02 9.4300000000e+04
-9.1754043921e+02 9.4400000000e+04
-9.1761010957e+02 9.4500000000e+04
-9.1767975880e+02 9.4600000000e+04
-9.1774938692e+02 9.4700000000e+04
-9.1781899397e+02 9.4800000000e+04
-9.1788857996e+02 9.4900000000e+04
-9.1795814493e+02 9.5000000000e+04
-9.1802768889e+02 9.5100000000e+04
-9.1809721189e+02 9.5200000000e+04
-9.1816671395e+02 9.5300000000e+04
-9.1823619508e+02 9.5400000000e+04
-9.1830565532e+02 9.5500000000e+04
-9.1837509469e+02 9.5600000000e+04
-9.1844451323e+02 9.5700000000e+04
-9.1851391095e+02 9.5800000000e+04
-9.1858328788e+02 9.5900000000e+04
-9.1865264405e+02 9.6000000000e+04
-9.1872197949e+02 9.6100000000e+04
-9.1879129421e+02 9.6200000000e+04
-9.1886058825e+02 9.6300000000e+04
-9.1892986163e+02 9.6400000000e+04
-9.1899911438e+02 9.6500000000e+04
-9.1906834652e+02 9.6600000000e+04
-9.1913755808e+02 9.6700000000e+04
-9.1920674908e+02 9.6800000000e+04
-9.1927591955e+02 9.6900000000e+04
-9.1934506951e+02 9.7000000000e+04
-9.1941419900e+02 9.7100000000e+04
-9.1948330803e+02 9.7200000000e+04
-9.1955239663e+02 9.7300000000e+04
-9.1962146482e+02 9.7400000000e+04
-9.1969051264e+02 9.7500000000e+04
-9.1975954010e+02 9.7600000000e+04
-9.1982854723e+02 9.7700000000e+04
-9.1989753406e+02 9.7800000000e+04
-9.1996650060e+02 9.7900000000e+04
-9.2003544690e+02 9.8000000000e+04
-9.2010437296e+02 9.8100000000e+04
-9.2017327881e+02 9.8200000000e+04
-9.2024216449e+02 9.8300000000e+04
-9.2031103000e+02 9.8400000000e+04
-9.2037987539e+02 9.8500000000e+04
-9.2044870067e+02 9.8600000000e+04
-9.2051750586e+02 9.8700000000e+04
-9.2058629099e+02 9.8800000000e+04
-9.2065505609e+02 9.8900000000e+04
-9.2072380118e+02 9.9000000000e+04
-9.2079252628e+02 9.9100000000e+04
-9.2086123142e+02 9.9200000000e+04
-9.2092991663e+02 9.9300000000e+04
-9.2099858191e+02 9.9400000000e+04
-9.2106722731e+02 9.9500000000e+04
-9.2113585284e+02 9.9600000000e+04
-9.2120445853e+02 9.9700000000e+04
-9.2127304439e+02 9.9800000000e+04
-9.2134161047e+02 9.9900000000e+04
-9.2141015677e+02 1.0000000000e+05
